1887.0 5105.54
1889.0 5123.23
1914.5 5218.2
1958.5 5400.56
2047.5 5764.42
2069.0 5852.38
2076.0 5881.91
2091.5 5944.83
2099.0 5975.52
2111.5 6030.03
2123.0 6074.38
2128.5 6096.17
2140.0 6143.0
2145.2 6163.63
2158.0 6217.25
2170.3 6266.51
2179.0 6304.78
2186.5 6334.52
2198.0 6383.1
2203.0 6402.25
2228.5 6506.63
2235.0 6532.89
2251.0 6598.96
2270.0 6678.27
2279.5 6717.0
2331.5 6929.46
2340.0 6965.45
2356.5 7032.36
2365.0 7067.2
2331.0 7173.9
2408.0 7245.07
2415.2 7272.87
2441.5 7383.98
2455.0 7438.87
2471.0 7514.58
2503.0 7635.15
2524.5 7724.09
2578.5 7948.07
2594.0 8014.74
2691.0 8118.55
2655.5 8268.08
2694.0 8424.65
2719.0 8521.44
2735.0 8591.26
2749.5 8654.38
2780.5 8784.59
2863.0 9122.97
2888.0 9224.5
2992.0 9657.79